YYMMMDD __east(m) _north(m) ____up(m)
16JAN02 -0.946683 0.342092 0.231697
16JAN03 -0.946615 0.341329 0.229501
16JAN04 -0.945952 0.339970 0.225768
16JAN05 -0.945353 0.340714 0.230150
16JAN06 -0.949882 0.338516 0.227725
16JAN07 -0.947118 0.338752 0.232275
16JAN08 -0.942307 0.338159 0.225955
16JAN09 -0.945236 0.340173 0.238378
16JAN10 -0.941024 0.341480 0.233170
16JAN11 -0.945785 0.341991 0.225241
16JAN12 -0.945701 0.339748 0.227022
16JAN13 -0.946043 0.338354 0.225198
16JAN14 -0.946679 0.339958 0.225772
16JAN15 -0.945160 0.338854 0.226579
16JAN16 -0.945181 0.339383 0.228201
16JAN17 -0.944977 0.341125 0.229536
16JAN18 -0.943813 0.339261 0.227566
16JAN19 -0.943453 0.338078 0.238082
16JAN20 -0.944071 0.337564 0.232886
16JAN21 -0.945918 0.338060 0.236864
16JAN22 -0.944127 0.338473 0.232422
16JAN23 -0.945427 0.340728 0.234961
16JAN24 -0.946247 0.341482 0.232367
16JAN25 -0.945324 0.337933 0.232647
16JAN26 -0.944661 0.338978 0.223688
16JAN27 -0.945716 0.339240 0.230620
16JAN28 -0.947534 0.338915 0.225291
16JAN29 -0.945319 0.342421 0.212292
16JAN30 -0.949572 0.339957 0.207603
16JAN31 -0.950385 0.339653 0.223477
16FEB01 -0.947647 0.339852 0.224455
16FEB02 -0.945497 0.340852 0.228294
16FEB03 -0.946749 0.340084 0.229250
16FEB04 -0.946447 0.339782 0.225193
16FEB05 -0.945860 0.338835 0.222219
16FEB06 -0.945948 0.340149 0.227362
16FEB07 -0.946197 0.339995 0.225649
16FEB08 -0.946324 0.339782 0.225843
16FEB09 -0.944564 0.338572 0.235758
16FEB10 -0.946897 0.339505 0.226112
16FEB11 -0.945795 0.338523 0.242341
16FEB12 -0.943963 0.337389 0.234207
16FEB13 -0.948587 0.339739 0.238161
16FEB14 -0.945042 0.341580 0.244422
16FEB15 -0.940402 0.340514 0.236417
16FEB16 -0.939746 0.340174 0.223517
16FEB17 -0.945273 0.336327 0.225477
16FEB18 -0.950229 0.339988 0.246040
16FEB19 -0.946161 0.349307 0.214862
16FEB20 -0.946554 0.338226 0.228756
16FEB21 -0.948481 0.337096 0.230165
16FEB22 -0.944657 0.337542 0.225248
16FEB23 -0.942827 0.336043 0.234987
16FEB24 -0.943665 0.337013 0.212472
16FEB25 -0.942122 0.335971 0.231577
16FEB26 -0.944483 0.336171 0.231967
16FEB27 -0.944906 0.338888 0.235658
16FEB28 -0.946684 0.338572 0.238050
16FEB29 -0.941286 0.337322 0.217581
16MAR01 -0.947142 0.339900 0.217488
16MAR02 -0.948652 0.339666 0.230933
16MAR03 -0.946169 0.338712 0.228808
16MAR04 -0.944023 0.339715 0.233870
16MAR05 -0.944172 0.337556 0.224901
16MAR06 -0.947143 0.338310 0.230729
16MAR07 -0.944816 0.337473 0.217753
16MAR08 -0.945118 0.338259 0.226286
16MAR09 -0.941484 0.337474 0.227949
16MAR10 -0.944027 0.336444 0.236382
16MAR11 -0.943934 0.336455 0.234951
16MAR12 -0.946700 0.337063 0.241758
16MAR13 -0.944956 0.336841 0.231252
16MAR14 -0.944176 0.337451 0.237589
16MAR15 -0.944396 0.338638 0.229406
16MAR16 -0.946315 0.338966 0.231162
16MAR17 -0.948878 0.337500 0.236542
16MAR18 -0.948481 0.336277 0.234791
16MAR19 -0.948366 0.338835 0.241624
16MAR20 -0.947989 0.337725 0.236398
16MAR21 -0.948223 0.337256 0.241610
16MAR22 -0.944864 0.337063 0.235408
16MAR23 -0.948928 0.337719 0.240965
16MAR24 -0.943353 0.335746 0.225716
16MAR25 -0.943449 0.334853 0.232013
16MAR26 -0.943491 0.336576 0.230389
16MAR28 -0.945699 0.336928 0.228787
16MAR29 -0.946692 0.335320 0.233574
16MAR31 -0.944588 0.337210 0.222606
16APR01 -0.944356 0.338150 0.231768
16APR02 -0.946401 0.338762 0.234469
16APR03 -0.945511 0.338314 0.234593
16APR04 -0.947875 0.339473 0.231009
16APR05 -0.944123 0.341237 0.235197
16APR06 -0.939101 0.339278 0.224566
16APR07 -0.938286 0.340921 0.224437
16APR08 -0.941518 0.340394 0.221117
16APR09 -0.946619 0.336363 0.226165
16APR10 -0.947208 0.336652 0.237146
16APR11 -0.948279 0.337610 0.238377
16APR12 -0.948032 0.338831 0.234377
16APR13 -0.944924 0.337864 0.223005
16APR14 -0.944568 0.337287 0.232829
16APR15 -0.940160 0.339329 0.231608
16APR16 -0.939377 0.336702 0.222260
16APR17 -0.945161 0.338910 0.226112
16APR18 -0.943208 0.337028 0.227461
16APR19 -0.941655 0.337781 0.231766
16APR20 -0.949139 0.339724 0.238140
16APR21 -0.951201 0.338467 0.240487
16APR22 -0.948856 0.339198 0.224962
16APR23 -0.949007 0.340022 0.227144
16APR24 -0.946597 0.336303 0.229468
16APR25 -0.946570 0.337103 0.235152
16APR26 -0.945080 0.336606 0.234057
16APR27 -0.946617 0.338106 0.234895
16APR29 -0.947251 0.337498 0.227848
16APR30 -0.945866 0.337437 0.215429
16MAY01 -0.942503 0.338900 0.231532
16MAY02 -0.947529 0.337873 0.232580
16MAY03 -0.948423 0.340465 0.229132
16MAY04 -0.949851 0.339595 0.228234
16MAY05 -0.947365 0.339671 0.228817
16MAY06 -0.948598 0.337886 0.221032
16MAY07 -0.943958 0.336928 0.227678
16MAY08 -0.943636 0.337171 0.233122
16MAY09 -0.942802 0.339285 0.224623
16MAY10 -0.939869 0.336183 0.220166
16MAY11 -0.944615 0.338128 0.233137
16MAY12 -0.949152 0.336384 0.233382
16MAY13 -0.945221 0.338892 0.235029
16MAY14 -0.944300 0.335619 0.233886
16MAY15 -0.941513 0.337219 0.230439
16MAY16 -0.943928 0.338942 0.229031
16MAY17 -0.946051 0.335728 0.232855
16MAY18 -0.946705 0.335517 0.235185
16MAY19 -0.944032 0.335412 0.235295
16MAY20 -0.943812 0.337058 0.227532
16MAY21 -0.945261 0.338242 0.232749
16MAY22 -0.945594 0.338579 0.228705
16MAY23 -0.946449 0.336697 0.232356
16MAY24 -0.947716 0.339163 0.225160
16MAY25 -0.949410 0.336597 0.232058
16MAY26 -0.947044 0.337678 0.221182
16MAY27 -0.947804 0.340307 0.228773
16MAY28 -0.949838 0.338476 0.233490
16MAY29 -0.945438 0.337599 0.231765
16MAY30 -0.943374 0.336582 0.234407
16MAY31 -0.946733 0.337070 0.235304
16JUN01 -0.947630 0.337243 0.235136
16JUN02 -0.947097 0.337424 0.225634
16JUN03 -0.948632 0.337315 0.231122
16JUN04 -0.944994 0.337629 0.238150
16JUN05 -0.946725 0.338067 0.229649
16JUN06 -0.945861 0.339173 0.230789
16JUN07 -0.948310 0.337886 0.230969
16JUN08 -0.946550 0.336937 0.232026
16JUN09 -0.946944 0.337520 0.229912
16JUN10 -0.947592 0.337995 0.229645
16JUN11 -0.946772 0.336352 0.225845
16JUN12 -0.949418 0.339156 0.221576
16JUN13 -0.948812 0.337791 0.238130
16JUN14 -0.950475 0.336024 0.232226
16JUN15 -0.950315 0.338867 0.227655
16JUN16 -0.949039 0.338661 0.229082
16JUN17 -0.946709 0.338032 0.232464
16JUN18 -0.945224 0.336047 0.226982
16JUN19 -0.946301 0.337325 0.235374
16JUN20 -0.946435 0.335852 0.237074
16JUN21 -0.945962 0.337317 0.229594
16JUN22 -0.945716 0.338263 0.237222
16JUN23 -0.948232 0.336505 0.234643
16JUN24 -0.950527 0.336975 0.223707
16JUN25 -0.946758 0.336831 0.224134
16JUN26 -0.947604 0.338942 0.234190
16JUN27 -0.950087 0.336675 0.233598
16JUN28 -0.949587 0.337019 0.233970
16JUN29 -0.952591 0.334759 0.243884
16JUN30 -0.950903 0.338533 0.228313
16JUL01 -0.949735 0.337123 0.239268
16JUL02 -0.950314 0.335847 0.231168
16JUL03 -0.948789 0.337367 0.230966
16JUL04 -0.947477 0.336863 0.231563
16JUL05 -0.946800 0.336575 0.235727
16JUL06 -0.949410 0.335974 0.237834
16JUL07 -0.947299 0.335468 0.241370
16JUL08 -0.950673 0.336336 0.222546
16JUL09 -0.950939 0.339253 0.230578
16JUL10 -0.945899 0.336022 0.226335
16JUL11 -0.945849 0.338919 0.217780
16JUL12 -0.941683 0.339327 0.228501
16JUL13 -0.948321 0.335985 0.221113
16JUL14 -0.947997 0.335013 0.233940
16JUL15 -0.948819 0.335261 0.226347
16JUL16 -0.950920 0.336165 0.236796
16JUL17 -0.948213 0.334429 0.230089
16JUL18 -0.949342 0.333906 0.232240
16JUL19 -0.949250 0.336037 0.228100
16JUL20 -0.950717 0.336988 0.225354
16JUL21 -0.948237 0.335347 0.228075
16JUL22 -0.932420 0.336912 0.213602
16JUL25 -0.948709 0.335346 0.227057
16JUL26 -0.947387 0.335105 0.230663
16JUL27 -0.952475 0.336078 0.226874
16JUL28 -0.949251 0.335678 0.235522
16JUL29 -0.950058 0.334115 0.233082
16JUL30 -0.949599 0.334667 0.233718
16JUL31 -0.947430 0.335567 0.226356
16AUG01 -0.948410 0.336106 0.230079
16AUG02 -0.951030 0.335059 0.219717
16AUG03 -0.949408 0.337499 0.222583
16AUG04 -0.949122 0.335085 0.226359
16AUG05 -0.952744 0.334860 0.225026
16AUG06 -0.950901 0.335053 0.225445
16AUG07 -0.949969 0.336657 0.218872
16AUG08 -0.949529 0.337075 0.218713
16AUG09 -0.948642 0.336396 0.219227
16AUG10 -0.951414 0.338847 0.216821
16AUG11 -0.947846 0.334914 0.215292
16AUG12 -0.949024 0.335114 0.229609
16AUG13 -0.950544 0.336096 0.230632
16AUG14 -0.949297 0.337703 0.234567
16AUG15 -0.940796 0.340217 0.221181
16AUG16 -0.949873 0.337491 0.221208
16AUG17 -0.947985 0.335892 0.225325
16AUG18 -0.948743 0.336017 0.230278
16AUG19 -0.947055 0.334604 0.226273
16AUG20 -0.947492 0.337604 0.215913
16AUG21 -0.949622 0.334912 0.224778
16AUG22 -0.948763 0.333926 0.220072
16AUG24 -0.947272 0.335828 0.233301
16AUG25 -0.945163 0.332154 0.236857
16AUG26 -0.947253 0.334493 0.227329
16AUG27 -0.945353 0.335400 0.219059
16AUG29 -0.946600 0.335809 0.219743
16AUG30 -0.946220 0.336898 0.225148
16AUG31 -0.945103 0.335908 0.220653
16SEP01 -0.946814 0.335101 0.222224
16SEP02 -0.948122 0.334421 0.224665
16SEP03 -0.947962 0.335059 0.222559
16SEP04 -0.945908 0.335462 0.220328
16SEP05 -0.949395 0.336388 0.224128
16SEP06 -0.947672 0.336566 0.223888
16SEP07 -0.946156 0.334694 0.227935
16SEP08 -0.946309 0.335656 0.226120
16SEP09 -0.948039 0.332879 0.215879
16SEP10 -0.945359 0.333351 0.218151
16SEP11 -0.944183 0.335717 0.225415
16SEP12 -0.944705 0.334075 0.228073
16SEP13 -0.943580 0.337384 0.216833
16SEP14 -0.946783 0.336390 0.223807
16SEP15 -0.946204 0.336755 0.216742
16SEP16 -0.942249 0.335204 0.217159
16SEP17 -0.946023 0.335886 0.221716
16SEP18 -0.943359 0.334539 0.227547
16SEP19 -0.945383 0.337539 0.225162
16SEP20 -0.943799 0.335636 0.231347
16SEP21 -0.941392 0.336574 0.227140
16SEP22 -0.943863 0.337231 0.219655
16SEP23 -0.942480 0.337789 0.221625
16SEP24 -0.946608 0.336467 0.219266
16SEP25 -0.937299 0.334889 0.230950
16SEP26 -0.939339 0.335001 0.214966
16SEP27 -0.941366 0.332865 0.226399
16SEP28 -0.948416 0.338078 0.225318
16SEP29 -0.945431 0.335986 0.217262
16SEP30 -0.946227 0.335567 0.224579
16OCT01 -0.947633 0.335633 0.222348
16OCT02 -0.950776 0.336624 0.228537
16OCT03 -0.947783 0.337300 0.232857
16OCT04 -0.945205 0.335178 0.230211
16OCT05 -0.940292 0.334755 0.223653
16OCT06 -0.941678 0.339271 0.220806
16OCT07 -0.946033 0.335348 0.230056
16OCT08 -0.945420 0.336131 0.225931
16OCT09 -0.944296 0.335982 0.224628
16OCT10 -0.944609 0.334863 0.226710
16OCT11 -0.945700 0.335519 0.223039
16OCT12 -0.947756 0.337329 0.223140
16OCT13 -0.947881 0.336710 0.212785
16OCT14 -0.950493 0.337563 0.232872
16OCT15 -0.946859 0.338712 0.223704
16OCT16 -0.947467 0.336843 0.226384
16OCT17 -0.945456 0.334937 0.227440
16OCT18 -0.945218 0.335438 0.223002
16OCT19 -0.945000 0.336996 0.229492
16OCT20 -0.947260 0.337368 0.229747
16OCT21 -0.943275 0.339150 0.224288
16OCT22 -0.944263 0.337267 0.229234
16OCT23 -0.942892 0.340399 0.224554
16OCT24 -0.942589 0.339801 0.211850
16OCT25 -0.947044 0.339326 0.223665
16OCT27 -0.947073 0.338346 0.236360
16OCT28 -0.946943 0.337781 0.226747
16OCT29 -0.947318 0.339121 0.217363
16OCT30 -0.948783 0.338268 0.230948
16OCT31 -0.947866 0.339087 0.228416
16NOV01 -0.945759 0.338146 0.218008
16NOV02 -0.951565 0.337303 0.219311
16NOV03 -0.941183 0.336538 0.228114
16NOV04 -0.945996 0.337487 0.230169
16NOV05 -0.944055 0.335879 0.227439
16NOV06 -0.947216 0.338019 0.215600
16NOV07 -0.946326 0.336609 0.224826
16NOV08 -0.946622 0.338791 0.213313
16NOV09 -0.946284 0.338177 0.221340
16NOV10 -0.946059 0.335403 0.215893
16NOV11 -0.942843 0.339458 0.221921
16NOV12 -0.945148 0.342906 0.220326
16NOV13 -0.942743 0.337720 0.216381
16NOV14 -0.941474 0.336230 0.222921
16NOV15 -0.950719 0.338959 0.215108
16NOV16 -0.947880 0.338908 0.225156
16NOV17 -0.946246 0.337140 0.221012
16NOV18 -0.947759 0.338140 0.230453
16NOV19 -0.945520 0.337392 0.221699
16NOV20 -0.946407 0.338951 0.227010
16NOV21 -0.948826 0.339727 0.226361
16NOV22 -0.946323 0.338709 0.235238
16NOV23 -0.947250 0.338171 0.226043
16NOV24 -0.949534 0.338346 0.230611
16NOV25 -0.940801 0.340088 0.217440
16NOV26 -0.946102 0.338339 0.226281
16NOV27 -0.946571 0.340259 0.220213
16NOV28 -0.948960 0.337990 0.231853
16NOV29 -0.945589 0.337640 0.223855
16NOV30 -0.941651 0.339988 0.225022
16DEC01 -0.947799 0.339468 0.221868
16DEC02 -0.937357 0.336421 0.228086
16DEC03 -0.935426 0.333322 0.228064
16DEC04 -0.946576 0.337488 0.225592
16DEC05 -0.946845 0.338490 0.224166
16DEC06 -0.947986 0.339409 0.226148
16DEC07 -0.946601 0.340132 0.224366
16DEC08 -0.948308 0.338703 0.227477
16DEC09 -0.950516 0.340898 0.224700
16DEC10 -0.949295 0.339105 0.223202
16DEC11 -0.949832 0.337464 0.224599
16DEC12 -0.945870 0.341227 0.228537
16DEC13 -0.947884 0.338600 0.224937
16DEC14 -0.944997 0.336835 0.229220
16DEC15 -0.946882 0.338470 0.228175
16DEC16 -0.946473 0.337698 0.228643
16DEC17 -0.937229 0.339824 0.221131
16DEC18 -0.944560 0.339524 0.231855
16DEC19 -0.946678 0.337850 0.221676
16DEC20 -0.945349 0.338307 0.220817
16DEC21 -0.947216 0.341232 0.220054
16DEC23 -0.948747 0.340526 0.212396
16DEC24 -0.951277 0.339149 0.221369
16DEC25 -0.947165 0.338856 0.215135
16DEC26 -0.950091 0.342029 0.214582
16DEC27 -0.948046 0.338941 0.223329
16DEC28 -0.947107 0.338936 0.224556
16DEC29 -0.945371 0.337196 0.235782
16DEC30 -0.946616 0.335050 0.229513
16DEC31 -0.951295 0.335940 0.232376
17JAN01 -0.946256 0.337817 0.230550
17JAN02 -0.941099 0.337456 0.229980
17JAN03 -0.943920 0.338123 0.225320
17JAN04 -0.946131 0.338808 0.227560
17JAN05 -0.945728 0.335392 0.229592
17JAN06 -0.949877 0.342178 0.247559
17JAN07 -0.948431 0.340847 0.233817
17JAN08 -0.948642 0.337933 0.223639
17JAN09 -0.947290 0.336717 0.224426
17JAN10 -0.946327 0.338307 0.228484
17JAN11 -0.947691 0.338773 0.225960
17JAN12 -0.947856 0.337114 0.221007
17JAN13 -0.952431 0.339967 0.227791
17JAN14 -0.944956 0.336602 0.221722
17JAN15 -0.947328 0.338012 0.218678
17JAN16 -0.945322 0.337825 0.224125
17JAN17 -0.945360 0.338731 0.235223
17JAN18 -0.945176 0.339487 0.235668
17JAN19 -0.945956 0.339175 0.233326
17JAN20 -0.946591 0.337081 0.236334
17JAN21 -0.946748 0.338364 0.233554
17JAN22 -0.942650 0.336498 0.227628
17JAN23 -0.944653 0.338938 0.220265
17JAN24 -0.944292 0.335941 0.220137
17JAN25 -0.943729 0.338015 0.227366
17JAN26 -0.938591 0.339674 0.218166
17JAN27 -0.944948 0.337858 0.223521
17JAN28 -0.946173 0.338763 0.227976
17JAN29 -0.945393 0.339054 0.230569
17JAN30 -0.946647 0.338061 0.233236
17JAN31 -0.946626 0.337647 0.233653
17FEB01 -0.945201 0.338742 0.234669
17FEB02 -0.949641 0.338669 0.231358
17FEB03 -0.946436 0.338408 0.225243
17FEB04 -0.948431 0.339661 0.228988
17FEB05 -0.944294 0.339853 0.222140
17FEB06 -0.945375 0.336064 0.237023
17FEB07 -0.946954 0.339337 0.233123
17FEB08 -0.947256 0.339104 0.223105
17FEB09 -0.948201 0.339162 0.227608
17FEB10 -0.947918 0.340355 0.230779
17FEB11 -0.936105 0.339663 0.227785
17FEB12 -0.935756 0.334281 0.238143
17FEB13 -0.942600 0.337703 0.233845
17FEB14 -0.943038 0.337268 0.239679
17FEB15 -0.946259 0.338037 0.216510
17FEB16 -0.947537 0.338315 0.225333
17FEB17 -0.948413 0.338955 0.222818
17FEB18 -0.944905 0.338642 0.220777
17FEB19 -0.946877 0.337876 0.228037
17FEB20 -0.942110 0.338407 0.214900
17FEB21 -0.947153 0.336714 0.224968
17FEB22 -0.944403 0.337050 0.231562
17FEB23 -0.947841 0.338137 0.231472
17FEB24 -0.943537 0.336936 0.217582
17FEB25 -0.944995 0.337013 0.217701
17FEB26 -0.946793 0.339331 0.226875
17FEB27 -0.944979 0.337009 0.221974
17FEB28 -0.943860 0.337639 0.213842
17MAR01 -0.945632 0.337783 0.227841
17MAR02 -0.944996 0.340427 0.223759
17MAR03 -0.943479 0.336176 0.225498
17MAR04 -0.949591 0.337077 0.229185
17MAR05 -0.943614 0.338887 0.225906
17MAR06 -0.947576 0.340830 0.229192
17MAR07 -0.946377 0.338080 0.226730
17MAR08 -0.946951 0.338149 0.228828
17MAR09 -0.947251 0.337564 0.230474
17MAR10 -0.945860 0.340212 0.231285
17MAR11 -0.948488 0.340675 0.226874
17MAR12 -0.950359 0.340011 0.221883
17MAR13 -0.947733 0.339792 0.213577
17MAR14 -0.941881 0.338853 0.230231
17MAR15 -0.946944 0.339082 0.238658
17MAR16 -0.946470 0.337971 0.234941
17MAR17 -0.948409 0.338101 0.234580
17MAR18 -0.947215 0.337808 0.223855
17MAR19 -0.942636 0.338447 0.230094
17MAR20 -0.944336 0.335135 0.219136
17MAR21 -0.946995 0.336368 0.232989
17MAR22 -0.944633 0.336545 0.221633
17MAR23 -0.942141 0.336626 0.223236
17MAR24 -0.944379 0.336369 0.226421
17MAR25 -0.947794 0.337530 0.231785
17MAR26 -0.946158 0.339530 0.228288
17MAR27 -0.946042 0.336913 0.233405
17MAR28 -0.945321 0.334328 0.227738
17MAR29 -0.946848 0.334937 0.233493
17MAR30 -0.945725 0.336935 0.231877
17MAR31 -0.945895 0.338105 0.225057
17APR01 -0.946769 0.337087 0.226017
17APR02 -0.947653 0.336361 0.225777
17APR03 -0.945116 0.335911 0.224857
17APR04 -0.944393 0.337064 0.229055
17APR05 -0.945899 0.336191 0.232270
17APR06 -0.948127 0.337229 0.232430
17APR07 -0.948178 0.337649 0.232041
17APR08 -0.946616 0.337155 0.230154
17APR09 -0.948709 0.338125 0.223649
17APR10 -0.945325 0.337696 0.220417
17APR11 -0.948482 0.338582 0.229292
17APR12 -0.946088 0.337886 0.231942
17APR13 -0.948923 0.336988 0.231359
17APR14 -0.947156 0.337222 0.229186
17APR15 -0.947386 0.337228 0.223225
17APR16 -0.950089 0.335447 0.229187
17APR17 -0.948204 0.336297 0.234229
17APR18 -0.949605 0.335729 0.233750
17APR19 -0.951346 0.335604 0.239560
17APR20 -0.949571 0.336892 0.230958
17APR21 -0.950341 0.336197 0.227363
17APR22 -0.947534 0.336926 0.238343
17APR23 -0.949341 0.337220 0.228312
17APR24 -0.946570 0.336490 0.238899
17APR25 -0.948847 0.335696 0.233654
17APR26 -0.941979 0.337041 0.238011
17APR27 -0.934995 0.337330 0.227144
17APR28 -0.941481 0.335270 0.231789
17APR29 -0.949819 0.339087 0.234783
17APR30 -0.945882 0.337776 0.233474
17MAY01 -0.945637 0.337172 0.231070
17MAY02 -0.947841 0.336765 0.225953
17MAY03 -0.944902 0.335788 0.222523
17MAY04 -0.944209 0.338855 0.224807
17MAY05 -0.950458 0.333364 0.232321
17MAY06 -0.950006 0.336760 0.231085
17MAY07 -0.947969 0.337005 0.226391
17MAY08 -0.947044 0.335904 0.234217
17MAY09 -0.942985 0.338536 0.228015
17MAY10 -0.940749 0.336676 0.214164
17MAY11 -0.939164 0.336583 0.218793
17MAY12 -0.944703 0.336408 0.229100
17MAY13 -0.947093 0.336436 0.232109
17MAY14 -0.945586 0.335811 0.230261
17MAY15 -0.945971 0.335512 0.223454
17MAY16 -0.945005 0.335349 0.227136
17MAY17 -0.949729 0.337288 0.224803
17MAY18 -0.947002 0.340001 0.224938
17MAY19 -0.948828 0.335228 0.239677
17MAY20 -0.949049 0.338418 0.230587
17MAY21 -0.949747 0.336153 0.241751
17MAY22 -0.947466 0.334887 0.233378
17MAY23 -0.946964 0.336194 0.225954
17MAY24 -0.948988 0.336933 0.236355
17MAY25 -0.948506 0.336723 0.229362
17MAY26 -0.945877 0.338101 0.229490
17MAY27 -0.950092 0.336676 0.232318
17MAY28 -0.948584 0.335906 0.221096
17MAY29 -0.947062 0.336279 0.238577
17MAY30 -0.949447 0.333190 0.224237
17MAY31 -0.949359 0.334382 0.227908
17JUN01 -0.948004 0.335822 0.241227
17JUN02 -0.949267 0.334871 0.232343
17JUN03 -0.950403 0.336485 0.236703
17JUN04 -0.949013 0.334162 0.238768
17JUN05 -0.949112 0.333559 0.228120
17JUN06 -0.949801 0.339488 0.230712
17JUN07 -0.946272 0.335345 0.236370
17JUN08 -0.947291 0.336627 0.243397
17JUN09 -0.948374 0.335336 0.223825
17JUN10 -0.948634 0.335261 0.232608
17JUN11 -0.947419 0.335911 0.231453
17JUN12 -0.949205 0.336044 0.230323
17JUN13 -0.950249 0.335780 0.233223
17JUN14 -0.947920 0.336118 0.231746
17JUN15 -0.950751 0.334320 0.235321
17JUN16 -0.950743 0.336372 0.233228
17JUN17 -0.951161 0.336750 0.231800
17JUN18 -0.950364 0.336479 0.236813
17JUN19 -0.949139 0.336378 0.227725
17JUN20 -0.948968 0.334464 0.227323
17JUN21 -0.947654 0.335069 0.233762
17JUN22 -0.949880 0.335123 0.228129
17JUN23 -0.949963 0.334537 0.227418
17JUN24 -0.951955 0.333416 0.229670
17JUN25 -0.952295 0.333560 0.233089
17JUN26 -0.951184 0.333529 0.226828
17JUN27 -0.949487 0.333624 0.233443
17JUN28 -0.947599 0.334329 0.236380
17JUN29 -0.947801 0.331822 0.245416
17JUN30 -0.944685 0.333161 0.218162
17JUL01 -0.949636 0.332753 0.213116
17JUL02 -0.949940 0.332245 0.231529
17JUL03 -0.949148 0.332977 0.218604
17JUL04 -0.947112 0.334651 0.232936
17JUL05 -0.950224 0.333837 0.231977
17JUL06 -0.949639 0.333361 0.221051
17JUL07 -0.947133 0.333451 0.227159
17JUL08 -0.950899 0.331109 0.234320
17JUL09 -0.949352 0.332917 0.230809
17JUL10 -0.948519 0.331845 0.235345
17JUL11 -0.948819 0.332079 0.224955
17JUL12 -0.947780 0.334136 0.223586
17JUL13 -0.949112 0.335601 0.220791
17JUL14 -0.948146 0.335808 0.223478
17JUL15 -0.949335 0.336532 0.231590
17JUL16 -0.950609 0.333369 0.234672
17JUL17 -0.950173 0.334680 0.232405
17JUL18 -0.947834 0.334886 0.229151
17JUL19 -0.945866 0.334644 0.222890
17JUL20 -0.946486 0.333344 0.230526
17JUL21 -0.948081 0.333439 0.226570
17JUL22 -0.945028 0.334712 0.233358
17JUL23 -0.947529 0.333625 0.225804
17JUL24 -0.951077 0.334295 0.237916
17JUL25 -0.948962 0.335710 0.229856
17JUL26 -0.949001 0.333799 0.229765
17JUL27 -0.949352 0.333288 0.225525
17JUL28 -0.948374 0.335097 0.228014
17JUL29 -0.949127 0.334906 0.222738
17JUL30 -0.948548 0.335702 0.215597
17JUL31 -0.947138 0.334526 0.234390
17AUG01 -0.948306 0.334051 0.226432
17AUG02 -0.946981 0.335054 0.224607
17AUG03 -0.945412 0.331384 0.222747
17AUG04 -0.947180 0.334583 0.224889
17AUG05 -0.948934 0.335544 0.221395
17AUG06 -0.948056 0.334356 0.228415
17AUG07 -0.948531 0.335050 0.217497
17AUG08 -0.949566 0.333696 0.227035
17AUG09 -0.949442 0.334757 0.219523
17AUG10 -0.948247 0.335336 0.219792
17AUG11 -0.946850 0.333417 0.231655
17AUG12 -0.943126 0.333937 0.229263
17AUG13 -0.948911 0.334920 0.230944
17AUG14 -0.948956 0.336224 0.227749
17AUG15 -0.948513 0.334306 0.215240
17AUG16 -0.945694 0.334520 0.219374
17AUG17 -0.949472 0.333880 0.221131
17AUG18 -0.948965 0.332396 0.228597
17AUG19 -0.945847 0.335366 0.217240
17AUG20 -0.948338 0.334600 0.216435
17AUG21 -0.947130 0.332030 0.222508
17AUG22 -0.947131 0.334505 0.227885
17AUG23 -0.946749 0.331577 0.223189
17AUG24 -0.948175 0.333898 0.225850
17AUG25 -0.949738 0.334584 0.224988
17AUG26 -0.947856 0.331991 0.220333
17AUG27 -0.948505 0.334705 0.221533
17AUG28 -0.948069 0.336669 0.218701
17AUG29 -0.945051 0.333978 0.233564
17AUG30 -0.946532 0.334650 0.218657
17AUG31 -0.949054 0.337216 0.222247
17SEP01 -0.948302 0.335071 0.213049
17SEP02 -0.947169 0.331687 0.215560
17SEP03 -0.948738 0.334894 0.224237
17SEP04 -0.947036 0.332520 0.226851
17SEP05 -0.944339 0.334633 0.224916
17SEP06 -0.946529 0.335430 0.243269
17SEP07 -0.944902 0.336255 0.217438
17SEP08 -0.945928 0.335823 0.226509
17SEP09 -0.947840 0.333361 0.226238
17SEP10 -0.946989 0.334723 0.226022
17SEP11 -0.948788 0.335025 0.224662
17SEP12 -0.945038 0.333371 0.227750
17SEP13 -0.948319 0.335042 0.224383
17SEP14 -0.947721 0.334125 0.217814
17SEP15 -0.948463 0.333646 0.223016
17SEP16 -0.948192 0.334918 0.225959
17SEP17 -0.945519 0.335081 0.220889
17SEP18 -0.947086 0.336198 0.220847
17SEP19 -0.949800 0.335783 0.224824
17SEP20 -0.947868 0.334436 0.224163
17SEP21 -0.945645 0.334633 0.240262
17SEP22 -0.944482 0.333132 0.219743
17SEP23 -0.948681 0.334853 0.222961
17SEP24 -0.949365 0.334343 0.229980
17SEP25 -0.950152 0.335176 0.230645
17SEP26 -0.947221 0.335927 0.227979
17SEP27 -0.945468 0.336348 0.223891
17SEP28 -0.948872 0.333742 0.226384
17SEP29 -0.944193 0.333271 0.222707
17SEP30 -0.940178 0.337333 0.228550
17OCT01 -0.942892 0.336935 0.232834
17OCT02 -0.946524 0.335352 0.230885
17OCT03 -0.945314 0.337514 0.223010
17OCT04 -0.945401 0.336285 0.227718
17OCT05 -0.945090 0.335662 0.221282
17OCT06 -0.948205 0.335606 0.231367
17OCT07 -0.944449 0.331969 0.226862
17OCT08 -0.949549 0.335072 0.228869
17OCT09 -0.950120 0.336814 0.232756
17OCT10 -0.949452 0.336797 0.223241
17OCT11 -0.946582 0.334984 0.224521
17OCT12 -0.949079 0.335704 0.220599
17OCT13 -0.947874 0.335934 0.222140
17OCT14 -0.947290 0.335829 0.222163
17OCT15 -0.947559 0.333829 0.225719
17OCT16 -0.948967 0.335041 0.226474
17OCT17 -0.946665 0.334466 0.228135
17OCT18 -0.950055 0.333883 0.225087
17OCT19 -0.945668 0.333379 0.233615
17OCT20 -0.945313 0.333927 0.236526
17OCT21 -0.944223 0.334109 0.227279
17OCT22 -0.944038 0.336646 0.222885
17OCT23 -0.946664 0.333812 0.222968
17OCT24 -0.946261 0.334455 0.224334
17OCT25 -0.947779 0.335566 0.228246
17OCT26 -0.950896 0.333423 0.225083
17OCT27 -0.951718 0.337196 0.221648
17OCT28 -0.948261 0.335971 0.217172
17OCT29 -0.947996 0.332515 0.221909
17OCT31 -0.947475 0.334736 0.233012
17NOV01 -0.947899 0.334320 0.223990
17NOV02 -0.949094 0.336305 0.219882
17NOV03 -0.948930 0.335673 0.215006
17NOV04 -0.946314 0.338363 0.219051
17NOV05 -0.946530 0.340014 0.208614
17NOV06 -0.949613 0.337000 0.213641
17NOV08 -0.953847 0.336098 0.219895
17NOV09 -0.952536 0.339239 0.212414
17NOV13 -0.947512 0.336825 0.230890
17NOV14 -0.947594 0.336680 0.228191
17NOV15 -0.945334 0.337670 0.225404
17NOV17 -0.947988 0.336700 0.225065
17NOV18 -0.945473 0.336563 0.229824
17NOV19 -0.948081 0.336926 0.221477
17NOV20 -0.947981 0.336143 0.236623
17NOV21 -0.951581 0.336662 0.241240
17NOV22 -0.947453 0.338035 0.236203
17NOV23 -0.944409 0.337569 0.226739
17NOV24 -0.948160 0.336183 0.224533
17NOV25 -0.948953 0.335246 0.234514
17NOV26 -0.946945 0.336169 0.237490
17NOV27 -0.941451 0.336465 0.225858
17NOV28 -0.940462 0.336357 0.224523
17NOV29 -0.938686 0.336847 0.237713
17DEC01 -0.947978 0.335958 0.226645
17DEC02 -0.947031 0.336685 0.230142
17DEC03 -0.946155 0.335019 0.229746
17DEC04 -0.941269 0.336749 0.216766
17DEC06 -0.944611 0.337516 0.223122
17DEC07 -0.947893 0.336017 0.219919
17DEC08 -0.943830 0.337132 0.223239
17DEC09 -0.945600 0.336016 0.223015
17DEC10 -0.940474 0.336384 0.228499
17DEC11 -0.945582 0.337483 0.229699
17DEC12 -0.941068 0.339244 0.218369
17DEC13 -0.942907 0.337369 0.230598
17DEC14 -0.944128 0.336047 0.230114
17DEC15 -0.943662 0.334131 0.221557
17DEC16 -0.945096 0.338320 0.232578
17DEC17 -0.946188 0.336143 0.227132
17DEC18 -0.944794 0.335623 0.223737
17DEC19 -0.948067 0.336989 0.231270
17DEC20 -0.943380 0.335868 0.225364
17DEC21 -0.945865 0.335123 0.223457
17DEC22 -0.946554 0.337188 0.226388
17DEC23 -0.945368 0.336716 0.222341
17DEC24 -0.944412 0.336587 0.233281
17DEC25 -0.944853 0.337339 0.225482
17DEC26 -0.945323 0.336674 0.220007
17DEC27 -0.945226 0.334372 0.227230
17DEC28 -0.946178 0.335706 0.223769
17DEC29 -0.943222 0.335175 0.228996
17DEC30 -0.947600 0.334903 0.236151
17DEC31 -0.947365 0.333806 0.219844
18JAN01 -0.947321 0.336220 0.227160
18JAN02 -0.949296 0.337326 0.227073
18JAN03 -0.945483 0.336633 0.227322
18JAN04 -0.946251 0.336525 0.223895
18JAN05 -0.946289 0.336668 0.235616
18JAN06 -0.948826 0.334531 0.223296
18JAN07 -0.947146 0.336011 0.240434
18JAN08 -0.945748 0.335897 0.225334
18JAN09 -0.947787 0.336974 0.223908
18JAN11 -0.948278 0.335974 0.226988
18JAN12 -0.948110 0.336451 0.231363
18JAN13 -0.948390 0.336683 0.231137
18JAN14 -0.942865 0.336897 0.227415
18JAN15 -0.945855 0.338896 0.235918
18JAN16 -0.942638 0.337241 0.232362
18JAN17 -0.946933 0.336378 0.236646
18JAN18 -0.948083 0.334795 0.231938
18JAN19 -0.943652 0.336411 0.228810
18JAN22 -0.946410 0.336730 0.223682
18JAN23 -0.949481 0.337329 0.228748
18JAN24 -0.948250 0.336424 0.223616
18JAN25 -0.948264 0.337465 0.223901
18JAN26 -0.942451 0.342141 0.204630
18JAN27 -0.943817 0.340799 0.230817
18JAN29 -0.948684 0.337100 0.232424
18JAN30 -0.949840 0.332150 0.237935
18JAN31 -0.946731 0.338387 0.237315
18FEB01 -0.940638 0.340759 0.234146
18FEB04 -0.946508 0.335440 0.217149
18FEB05 -0.946945 0.337783 0.239662
18FEB06 -0.949660 0.338803 0.233595
18FEB07 -0.948368 0.338819 0.223776
18FEB08 -0.946181 0.334205 0.223074
18FEB09 -0.945031 0.339211 0.228562
18FEB10 -0.944870 0.339422 0.225294
18FEB11 -0.948544 0.337827 0.215094
18FEB12 -0.946100 0.336539 0.210001
18FEB13 -0.948637 0.336530 0.224623
18FEB14 -0.949255 0.337624 0.230655
18FEB16 -0.950210 0.338768 0.235939
18FEB17 -0.947636 0.334751 0.240249
18FEB18 -0.946701 0.337824 0.239617
18FEB20 -0.950403 0.338885 0.233101
18FEB21 -0.948297 0.337924 0.238052
18FEB22 -0.954222 0.335064 0.238507
18FEB23 -0.950186 0.338303 0.229116
18FEB24 -0.946234 0.336275 0.238774
18FEB25 -0.944524 0.337737 0.232275
18MAR01 -0.933910 0.334991 0.217989
18MAR02 -0.933986 0.334950 0.219587
18MAR03 -0.947605 0.333118 0.254166
18MAR04 -0.939724 0.334878 0.231324
18MAR05 -0.945966 0.337657 0.234077
18MAR06 -0.944781 0.337329 0.237455
18MAR07 -0.939972 0.334398 0.216348
18MAR08 -0.947182 0.335990 0.228708
18MAR09 -0.937586 0.333228 0.232047
18MAR10 -0.942084 0.334912 0.223879
18MAR11 -0.946703 0.335654 0.236646
18MAR12 -0.942518 0.336863 0.238114
18MAR13 -0.947009 0.334543 0.233755
18MAR14 -0.945886 0.336333 0.231580
18MAR15 -0.946873 0.334410 0.232691
18MAR16 -0.947283 0.336418 0.239552
18MAR18 -0.948571 0.335550 0.233099
18MAR19 -0.946978 0.336498 0.223406
18MAR20 -0.941174 0.339140 0.231948
18MAR21 -0.941924 0.339642 0.212287
18MAR22 -0.944886 0.336330 0.225834
18MAR23 -0.946895 0.336118 0.228327
18MAR24 -0.949194 0.334931 0.231574
18MAR25 -0.945240 0.335537 0.221895
18MAR26 -0.944241 0.337400 0.233689
18MAR27 -0.946551 0.337233 0.223611
18MAR28 -0.947338 0.337292 0.232599
18MAR29 -0.949006 0.336205 0.237065
18MAR30 -0.945880 0.334327 0.233166
18MAR31 -0.946605 0.335617 0.230316
18APR01 -0.946223 0.336357 0.230184
18APR02 -0.948029 0.336694 0.236544
18APR03 -0.946471 0.335481 0.235115
18APR04 -0.949236 0.334129 0.229396
18APR05 -0.948778 0.334701 0.234905
18APR06 -0.947906 0.334242 0.229795
18APR07 -0.949033 0.335455 0.229963
18APR08 -0.943621 0.335905 0.231775
18APR09 -0.941831 0.336131 0.227064
18APR10 -0.947427 0.336419 0.221049
18APR11 -0.948401 0.335820 0.235736
18APR12 -0.949806 0.333041 0.225609
18APR13 -0.946864 0.334717 0.231816
18APR14 -0.946180 0.334979 0.230580
18APR15 -0.945791 0.336537 0.231988
18APR16 -0.946513 0.335543 0.231465
18APR17 -0.945890 0.336121 0.231216
18APR18 -0.944721 0.336638 0.227340
18APR19 -0.948909 0.335494 0.220612
18APR20 -0.950976 0.334722 0.234048
18APR21 -0.947431 0.334948 0.237806
18APR22 -0.949568 0.332691 0.234333
18APR23 -0.949583 0.334900 0.239299
18APR24 -0.948623 0.337425 0.229352
18APR25 -0.947342 0.333003 0.230754
18APR26 -0.947576 0.334605 0.230584
18APR27 -0.946388 0.333020 0.234373
18APR28 -0.948327 0.332717 0.239279
18APR29 -0.943981 0.332772 0.239077
18APR30 -0.948731 0.335169 0.231683
18MAY01 -0.949204 0.335448 0.233504
18MAY02 -0.949179 0.335478 0.227303
18MAY03 -0.951824 0.337192 0.229801
18MAY04 -0.944620 0.333577 0.231878
18MAY05 -0.948174 0.334665 0.230149
18MAY06 -0.949812 0.335604 0.228752
18MAY07 -0.948966 0.335626 0.236364
18MAY08 -0.947280 0.335694 0.233710
18MAY09 -0.947403 0.334178 0.238249
18MAY10 -0.946767 0.334708 0.225514
18MAY11 -0.944862 0.332332 0.235509
18MAY12 -0.947340 0.333936 0.234316
18MAY13 -0.950708 0.335496 0.237147
18MAY14 -0.945804 0.334989 0.232784
18MAY15 -0.947418 0.335156 0.232295
18MAY16 -0.947670 0.337153 0.228490
18MAY17 -0.945810 0.336360 0.239162
18MAY18 -0.945230 0.333678 0.222622
18MAY19 -0.947213 0.336850 0.237139
18MAY20 -0.947372 0.336237 0.232103
18MAY21 -0.947565 0.335764 0.226272
18MAY22 -0.947703 0.335659 0.225812
18MAY23 -0.949646 0.336171 0.240924
18MAY24 -0.947825 0.336768 0.231475
18MAY25 -0.949223 0.337611 0.234520
18MAY26 -0.949730 0.338499 0.236141
18MAY27 -0.945791 0.336901 0.237632
18MAY28 -0.946452 0.335022 0.234476
18MAY29 -0.945192 0.334007 0.228245
18MAY30 -0.945964 0.334498 0.223911
18MAY31 -0.946560 0.333713 0.225940
18JUN01 -0.945837 0.334117 0.236718
18JUN02 -0.947299 0.334238 0.236119
18JUN03 -0.947791 0.336647 0.233842
18JUN04 -0.950423 0.333879 0.230217
18JUN05 -0.947015 0.335591 0.237682
18JUN06 -0.948744 0.334202 0.238171
18JUN07 -0.948440 0.335158 0.228052
18JUN11 -0.949304 0.334746 0.239114
18JUN13 -0.947116 0.334840 0.238830
18JUN14 -0.948343 0.334049 0.233029
18JUN15 -0.950703 0.334876 0.232761
18JUN16 -0.950128 0.335014 0.237983
18JUN17 -0.947412 0.336514 0.238758
18JUN18 -0.947217 0.334951 0.228848
18JUN19 -0.947505 0.334840 0.229320
18JUN20 -0.948119 0.334577 0.233770
18JUN21 -0.948450 0.333033 0.234834
18JUN22 -0.949134 0.333282 0.241969
18JUN23 -0.950767 0.335449 0.233278
18JUN24 -0.951168 0.336859 0.235333
18JUN25 -0.949266 0.336125 0.234940
18JUN26 -0.947385 0.335223 0.232843
18JUN27 -0.948820 0.334326 0.231319
18JUN28 -0.947957 0.334801 0.232766
18JUN29 -0.948074 0.332772 0.222600
18JUN30 -0.949417 0.333450 0.242265
18JUL01 -0.948412 0.333664 0.232811
18JUL02 -0.947121 0.332401 0.228060
18JUL03 -0.948694 0.333052 0.231679
18JUL04 -0.949632 0.332589 0.237106
18JUL05 -0.949034 0.334304 0.230599
18JUL06 -0.950198 0.333648 0.231474
18JUL07 -0.949558 0.337271 0.225510
18JUL08 -0.948979 0.333853 0.229269
18JUL09 -0.949597 0.331858 0.231692
18JUL10 -0.948946 0.332955 0.227868
18JUL11 -0.947789 0.333944 0.226975
18JUL12 -0.948100 0.331097 0.227723
18JUL13 -0.945158 0.334125 0.226081
18JUL14 -0.947123 0.333355 0.232050
18JUL16 -0.948638 0.332236 0.235668
18JUL17 -0.951910 0.335093 0.223680
18JUL18 -0.949347 0.332461 0.244122
18JUL19 -0.949902 0.333512 0.229653
18JUL20 -0.949865 0.331831 0.234121
18JUL21 -0.950877 0.332485 0.233981
18JUL22 -0.949514 0.332519 0.223889
18JUL23 -0.947219 0.331507 0.224624
18JUL24 -0.949928 0.332518 0.227988
18JUL25 -0.950964 0.332420 0.232108
18JUL26 -0.949993 0.333366 0.235043
18JUL27 -0.948302 0.333054 0.238011
18JUL28 -0.945844 0.332429 0.225884
18JUL29 -0.949325 0.333406 0.230720
18JUL30 -0.949915 0.331491 0.239074
18JUL31 -0.947582 0.332343 0.224032
18AUG01 -0.946673 0.330972 0.231054
18AUG02 -0.950468 0.333098 0.225616
18AUG03 -0.948864 0.331715 0.223414
18AUG04 -0.947430 0.332910 0.230999
18AUG05 -0.949458 0.335401 0.209640
18AUG06 -0.955769 0.336680 0.219139
18AUG07 -0.954819 0.332263 0.224993
18AUG08 -0.950123 0.332780 0.216769
18AUG09 -0.943070 0.334823 0.219343
18AUG10 -0.947525 0.332642 0.238023
18AUG11 -0.949441 0.333836 0.227381
18AUG12 -0.951249 0.333989 0.230451
18AUG13 -0.950309 0.331489 0.239826
18AUG14 -0.949707 0.330893 0.221874
18AUG15 -0.946259 0.331270 0.229448
18AUG16 -0.946618 0.329814 0.235890
18AUG17 -0.952505 0.329631 0.236307
18AUG18 -0.950249 0.332495 0.233464
18AUG19 -0.949590 0.331249 0.229189
18AUG20 -0.949785 0.330953 0.228378
18AUG21 -0.949019 0.333018 0.228590
18AUG22 -0.948439 0.332759 0.232796
18AUG23 -0.951429 0.332955 0.230071
18AUG24 -0.949510 0.332030 0.220955
18AUG25 -0.950229 0.331489 0.227089
18AUG26 -0.947902 0.335312 0.221186
18AUG27 -0.945784 0.331200 0.231477
18AUG28 -0.948290 0.330940 0.230799
18AUG29 -0.947082 0.330753 0.226654
18AUG30 -0.947927 0.334482 0.221521
18AUG31 -0.948324 0.332754 0.236578
18SEP01 -0.946034 0.332216 0.234323
18SEP02 -0.949260 0.331157 0.229263
18SEP03 -0.947283 0.335066 0.226397
18SEP04 -0.948158 0.329965 0.241884
18SEP05 -0.945632 0.329107 0.246678
18SEP06 -0.948338 0.331941 0.234324
18SEP07 -0.946075 0.330790 0.229984
18SEP08 -0.944904 0.331979 0.228426
18SEP09 -0.943304 0.331473 0.223026
18SEP10 -0.946498 0.330481 0.226969
18SEP11 -0.943260 0.332168 0.214446
18SEP12 -0.951159 0.333741 0.221954
18SEP13 -0.948323 0.332569 0.225486
18SEP14 -0.948488 0.334263 0.231060
18SEP15 -0.949581 0.333969 0.225893
18SEP16 -0.947458 0.332561 0.236636
18SEP17 -0.946451 0.332727 0.225077
18SEP18 -0.948897 0.332296 0.233831
18SEP19 -0.946594 0.333503 0.222439
18SEP20 -0.946535 0.332569 0.225698
18SEP21 -0.946708 0.331473 0.223735
18SEP22 -0.945022 0.332528 0.226062
18SEP23 -0.947654 0.332029 0.225468
18SEP24 -0.948066 0.330706 0.230452
18SEP25 -0.947160 0.333971 0.224506
18SEP26 -0.948790 0.331661 0.233940
18SEP27 -0.949020 0.333212 0.214962
18SEP28 -0.944574 0.334838 0.228938
18SEP29 -0.949231 0.331913 0.227125
18SEP30 -0.946411 0.331642 0.229156
18OCT01 -0.948755 0.332743 0.224430
18OCT02 -0.947928 0.334342 0.226714
18OCT03 -0.948747 0.333757 0.232593
18OCT04 -0.946587 0.332886 0.223777
18OCT05 -0.945438 0.332642 0.222717
18OCT06 -0.949321 0.333330 0.233031
18OCT07 -0.946191 0.331236 0.230491
18OCT08 -0.942216 0.333052 0.236068
18OCT09 -0.939185 0.332163 0.217808
18OCT10 -0.946974 0.332889 0.228674
18OCT11 -0.944960 0.334559 0.230739
18OCT12 -0.947569 0.333138 0.232229
18OCT13 -0.946542 0.331749 0.230520
18OCT14 -0.945838 0.333065 0.222608
18OCT15 -0.947395 0.332059 0.236965
18OCT16 -0.947522 0.331588 0.233036
18OCT17 -0.947285 0.331828 0.225750
18OCT18 -0.941506 0.331621 0.221949
18OCT19 -0.946519 0.331315 0.224836
18OCT20 -0.949567 0.332924 0.230469
18OCT21 -0.948243 0.334126 0.228429
18OCT22 -0.948616 0.334789 0.227258
18OCT23 -0.948971 0.331820 0.231427
18OCT24 -0.948911 0.333777 0.226716
18OCT25 -0.948767 0.334546 0.228078
18OCT26 -0.948856 0.334371 0.232756
18OCT27 -0.948552 0.333691 0.218393
18OCT28 -0.948089 0.333204 0.226548
18OCT29 -0.947137 0.331803 0.229439
18OCT30 -0.947590 0.333728 0.230608
18OCT31 -0.948029 0.331993 0.233872
18NOV01 -0.944413 0.334734 0.222787
18NOV02 -0.943385 0.332914 0.216474
18NOV03 -0.944230 0.330418 0.220451
18NOV04 -0.945978 0.330471 0.224168
18NOV05 -0.946367 0.332989 0.228069
18NOV06 -0.945437 0.334032 0.229201
18NOV07 -0.944615 0.334174 0.233590
18NOV08 -0.949199 0.333474 0.225964
18NOV09 -0.945200 0.334089 0.224251
18NOV10 -0.943742 0.334117 0.232085
18NOV11 -0.945687 0.335419 0.231809
18NOV12 -0.944075 0.336922 0.221795
18NOV13 -0.942200 0.334428 0.223976
18NOV14 -0.947698 0.334030 0.230996
18NOV15 -0.947561 0.335126 0.233954
18NOV16 -0.943209 0.333167 0.212672
18NOV17 -0.937619 0.333145 0.222686
18NOV18 -0.943297 0.335096 0.221956
18NOV19 -0.948475 0.334520 0.230964
18NOV20 -0.945793 0.333148 0.226165
18NOV21 -0.947452 0.334648 0.224488
18NOV22 -0.943465 0.335428 0.234602
18NOV23 -0.948646 0.332551 0.235932
18NOV24 -0.947871 0.334256 0.221406
18NOV25 -0.947145 0.333855 0.220412
18NOV26 -0.946085 0.334804 0.222114
18NOV27 -0.944517 0.334388 0.222747
18NOV28 -0.944618 0.335067 0.226334
18NOV29 -0.948997 0.334966 0.226676
18NOV30 -0.946665 0.334291 0.227863
18DEC01 -0.944745 0.333884 0.230913
18DEC02 -0.944476 0.333421 0.224821
18DEC03 -0.945169 0.336158 0.228163
18DEC04 -0.948804 0.333641 0.229370
18DEC05 -0.949847 0.334896 0.226463
18DEC06 -0.948958 0.333373 0.226988
18DEC07 -0.946932 0.335976 0.222685
18DEC08 -0.947054 0.335364 0.223691
18DEC09 -0.945508 0.335047 0.225526
18DEC10 -0.945006 0.335022 0.231801
18DEC11 -0.945466 0.333274 0.227810
18DEC12 -0.944272 0.334549 0.233545
18DEC13 -0.943335 0.336167 0.237278
18DEC14 -0.944766 0.333806 0.229000
18DEC15 -0.942766 0.335332 0.223074
18DEC16 -0.945358 0.335903 0.225804
18DEC17 -0.944969 0.335077 0.226680
18DEC18 -0.943905 0.336826 0.229250
18DEC19 -0.943463 0.334354 0.226895
18DEC20 -0.944314 0.335854 0.217240
18DEC21 -0.946940 0.333623 0.225751
18DEC22 -0.947065 0.334859 0.235157
18DEC23 -0.952760 0.336981 0.241585
18DEC24 -0.947263 0.339038 0.224111
18DEC25 -0.948192 0.335848 0.233661
18DEC26 -0.948700 0.336304 0.221837
18DEC27 -0.946405 0.337753 0.215713
18DEC28 -0.946856 0.335396 0.228198
18DEC29 -0.946850 0.333765 0.237071
18DEC30 -0.946698 0.335560 0.224345
18DEC31 -0.949188 0.334172 0.231084
19JAN01 -0.950547 0.335109 0.229036
19JAN02 -0.948470 0.333948 0.218318
19JAN03 -0.949161 0.335000 0.226481
19JAN04 -0.945653 0.335650 0.221842
19JAN05 -0.947764 0.335431 0.233055
19JAN06 -0.949232 0.335688 0.228196
19JAN07 -0.950417 0.334440 0.229859
19JAN08 -0.947601 0.334256 0.228075
19JAN09 -0.945336 0.334096 0.235533
19JAN10 -0.947075 0.334254 0.239825
19JAN11 -0.951376 0.334635 0.232757
19JAN12 -0.952570 0.336061 0.230403
19JAN13 -0.948286 0.334735 0.230277
19JAN14 -0.949222 0.333994 0.232764
19JAN15 -0.947092 0.334199 0.233777
19JAN16 -0.947481 0.334281 0.231328
19JAN17 -0.946663 0.336256 0.228227
19JAN18 -0.948023 0.333460 0.216978
19JAN19 -0.948635 0.333762 0.224970
19JAN20 -0.947873 0.335607 0.231293
19JAN21 -0.939878 0.334822 0.220298
19JAN22 -0.943554 0.334274 0.224153
19JAN23 -0.943526 0.332918 0.223513
19JAN24 -0.948143 0.333832 0.233589
19JAN25 -0.946903 0.335047 0.229757
19JAN26 -0.948789 0.334149 0.226916
19JAN27 -0.948008 0.335575 0.232607
19JAN28 -0.946087 0.334710 0.232535
19JAN29 -0.946579 0.335426 0.231101
19JAN30 -0.944143 0.332624 0.230961
19JAN31 -0.946923 0.334905 0.232680
19FEB01 -0.948326 0.335705 0.223339
19FEB02 -0.945972 0.336477 0.222526
19FEB03 -0.948452 0.335184 0.219648
19FEB04 -0.944469 0.334571 0.224719
19FEB05 -0.947673 0.336195 0.228019
19FEB06 -0.946776 0.336030 0.232578
19FEB07 -0.945962 0.336229 0.234947
19FEB08 -0.944961 0.335694 0.234555
19FEB09 -0.946710 0.335937 0.234083
19FEB10 -0.948309 0.335223 0.229727
19FEB11 -0.948354 0.336173 0.232052
19FEB12 -0.947730 0.336126 0.229479
19FEB13 -0.945246 0.335423 0.229520
19FEB14 -0.946032 0.333607 0.236491
19FEB15 -0.943028 0.335473 0.234861
19FEB16 -0.946809 0.335856 0.234574
19FEB17 -0.948765 0.337852 0.224946
19FEB18 -0.945308 0.335888 0.225054
19FEB19 -0.943939 0.334410 0.237075
19FEB20 -0.947114 0.336285 0.230893
19FEB21 -0.948320 0.336686 0.231615
19FEB22 -0.948369 0.335564 0.236419
19FEB23 -0.949407 0.334656 0.235510
19FEB24 -0.948023 0.336879 0.235307
19FEB25 -0.948461 0.336016 0.231277
19FEB26 -0.947879 0.335816 0.227546
19FEB27 -0.944518 0.334541 0.234746
19FEB28 -0.950805 0.334908 0.230474
19MAR01 -0.947536 0.334073 0.225175
19MAR02 -0.947107 0.333456 0.224159
19MAR03 -0.943779 0.335007 0.223691
19MAR04 -0.946617 0.334073 0.229384
19MAR05 -0.945320 0.336164 0.236262
19MAR06 -0.946485 0.334169 0.239355
19MAR07 -0.949085 0.332780 0.234295
19MAR08 -0.947889 0.333525 0.242096
19MAR09 -0.945485 0.337570 0.231629
19MAR10 -0.946831 0.335003 0.230587
19MAR11 -0.947348 0.333955 0.230775
19MAR12 -0.949526 0.332265 0.236572
19MAR13 -0.947110 0.332242 0.233143
19MAR14 -0.946740 0.334177 0.235379
19MAR15 -0.948043 0.335047 0.228920
19MAR16 -0.948159 0.334133 0.232559
19MAR17 -0.947991 0.334195 0.234808
19MAR18 -0.944591 0.332493 0.239049
19MAR19 -0.945531 0.334626 0.229180
19MAR20 -0.946840 0.331372 0.234202
19MAR21 -0.946788 0.337115 0.230086
19MAR22 -0.948243 0.336285 0.236625
19MAR23 -0.946438 0.333906 0.235269
19MAR24 -0.948577 0.334202 0.236788
19MAR25 -0.946636 0.333586 0.223935
19MAR26 -0.947461 0.333593 0.234803
19MAR27 -0.945126 0.332760 0.237895
19MAR28 -0.947817 0.337889 0.235159
19MAR29 -0.947308 0.334529 0.231898
19MAR30 -0.950269 0.334398 0.237940
19MAR31 -0.953131 0.334470 0.241520
19APR01 -0.949653 0.335101 0.230657
19APR02 -0.948999 0.334619 0.229659
19APR03 -0.943379 0.336457 0.226469
19APR04 -0.949016 0.335465 0.239065
19APR05 -0.950052 0.334529 0.243230
19APR06 -0.947299 0.333260 0.231949
19APR07 -0.949454 0.333155 0.226209
19APR08 -0.948797 0.334722 0.226776
19APR09 -0.945888 0.335238 0.232134
19APR11 -0.945943 0.334771 0.228277
19APR12 -0.942961 0.332920 0.234271
19APR14 -0.946731 0.332637 0.228174
19APR15 -0.949661 0.337724 0.229531
19APR16 -0.943551 0.334981 0.225571
19APR17 -0.948094 0.333868 0.235841
19APR18 -0.948116 0.335423 0.237006
19APR19 -0.947809 0.334233 0.234201
19APR20 -0.944906 0.336028 0.234917
19APR21 -0.947326 0.333142 0.235785
19APR22 -0.947803 0.334914 0.230982
19APR23 -0.950064 0.336600 0.237190
19APR24 -0.946071 0.333822 0.235869
19APR25 -0.946541 0.333813 0.232606
19APR26 -0.945489 0.333400 0.228241
19APR27 -0.945682 0.333866 0.233556
19APR28 -0.945531 0.335259 0.235282
19APR29 -0.945333 0.335972 0.237247
19APR30 -0.947794 0.334061 0.231013
19MAY01 -0.948424 0.333775 0.239602
19MAY02 -0.947707 0.336192 0.238134
19MAY03 -0.949049 0.337003 0.236672
19MAY04 -0.946727 0.336204 0.234233
19MAY05 -0.945902 0.335073 0.229329
19MAY06 -0.945297 0.333754 0.238615
19MAY07 -0.946592 0.334014 0.237996
19MAY08 -0.947428 0.333519 0.237364
19MAY09 -0.946974 0.334957 0.235778
19MAY10 -0.944608 0.334786 0.231409
19MAY11 -0.948265 0.335694 0.232343
19MAY12 -0.948541 0.335185 0.233410
19MAY13 -0.945740 0.335987 0.234600
19MAY14 -0.950137 0.335718 0.234209
19MAY15 -0.948591 0.335741 0.237446
19MAY16 -0.948240 0.334713 0.233825
19MAY17 -0.948669 0.332036 0.240400
19MAY18 -0.945603 0.332480 0.231016
19MAY19 -0.947843 0.334501 0.238934
19MAY20 -0.943934 0.333730 0.232650
19MAY21 -0.947509 0.335455 0.234953
19MAY22 -0.953860 0.333944 0.238007
19MAY23 -0.948098 0.335294 0.224085
19MAY24 -0.947473 0.333741 0.237902
19MAY25 -0.951734 0.333923 0.240454
19MAY26 -0.951089 0.335657 0.220015
19MAY27 -0.949348 0.335474 0.232379
19MAY28 -0.948989 0.335352 0.231459
19MAY29 -0.949556 0.334642 0.232697
19MAY30 -0.948120 0.336976 0.236335
19MAY31 -0.949977 0.334549 0.234784
19JUN01 -0.948015 0.335069 0.236550
19JUN02 -0.951488 0.334675 0.224896
19JUN03 -0.947588 0.335308 0.228002
19JUN04 -0.950557 0.331335 0.232641
19JUN05 -0.949054 0.334438 0.237040
19JUN06 -0.946867 0.333987 0.237299
19JUN07 -0.950702 0.335833 0.231271
19JUN08 -0.948060 0.334462 0.231467
19JUN09 -0.948277 0.334364 0.236791
19JUN10 -0.948457 0.331865 0.228113
19JUN11 -0.948393 0.335401 0.227706
19JUN12 -0.947140 0.337324 0.231551
19JUN13 -0.948722 0.335830 0.236134
19JUN14 -0.945337 0.333818 0.233241
19JUN15 -0.947314 0.334990 0.232035
19JUN16 -0.948610 0.334272 0.231766
19JUN17 -0.946881 0.333535 0.224093
19JUN18 -0.949740 0.334252 0.233396
19JUN19 -0.949358 0.334145 0.232043
19JUN20 -0.950462 0.333278 0.235193
19JUN21 -0.945383 0.332697 0.238372
19JUN22 -0.950751 0.331969 0.231139
19JUN23 -0.948961 0.332282 0.230315
19JUN24 -0.947897 0.332220 0.227942
19JUN25 -0.950892 0.334959 0.225792
19JUN26 -0.949652 0.334444 0.229663
19JUN27 -0.948407 0.336584 0.223373
19JUN29 -0.947109 0.333838 0.230200
19JUN30 -0.948064 0.331679 0.234222
19JUL01 -0.946469 0.333138 0.223004
19JUL02 -0.947534 0.332490 0.215063
19JUL03 -0.948715 0.332460 0.236736
19JUL04 -0.946333 0.331691 0.231865
19JUL05 -0.946859 0.335569 0.220990
19JUL06 -0.947419 0.332968 0.231744
19JUL07 -0.945997 0.331145 0.233684
19JUL08 -0.949452 0.333524 0.228190
19JUL09 -0.947570 0.331023 0.235632
19JUL10 -0.948412 0.334483 0.233807
19JUL11 -0.947524 0.332459 0.227818
19JUL12 -0.947527 0.333818 0.233608
19JUL13 -0.949187 0.333085 0.224154
19JUL14 -0.947100 0.333101 0.225283
19JUL15 -0.945034 0.332500 0.231506
19JUL16 -0.946561 0.334184 0.223544
19JUL17 -0.946897 0.332946 0.235449
19JUL18 -0.948342 0.331836 0.230931
19JUL19 -0.947066 0.334605 0.239149
19JUL20 -0.948616 0.330104 0.226031
19JUL21 -0.946372 0.331790 0.229632
19JUL22 -0.947265 0.332379 0.228948
19JUL23 -0.947149 0.334205 0.224821
19JUL24 -0.947867 0.333421 0.226364
19JUL25 -0.949352 0.332190 0.228227
19JUL26 -0.950155 0.331627 0.226380
19JUL27 -0.949984 0.331664 0.217323
19JUL28 -0.945106 0.330090 0.226893
19JUL29 -0.946326 0.335428 0.231356
19JUL30 -0.949390 0.334292 0.226859
19JUL31 -0.945954 0.332020 0.226201
19AUG01 -0.944315 0.331003 0.221706
19AUG02 -0.944251 0.333198 0.217662
19AUG03 -0.945601 0.333374 0.227341
19AUG04 -0.944336 0.330649 0.226643
19AUG05 -0.947019 0.332046 0.222592
19AUG06 -0.947947 0.332812 0.226381
19AUG07 -0.946761 0.333339 0.221421
19AUG08 -0.949263 0.332742 0.228319
19AUG09 -0.950021 0.332753 0.229576
19AUG10 -0.948720 0.333895 0.228400
19AUG11 -0.949146 0.332416 0.233298
19AUG12 -0.943549 0.333293 0.221893
19AUG13 -0.947287 0.336029 0.226908
19AUG14 -0.946257 0.332057 0.229381
19AUG15 -0.949069 0.333088 0.232387
19AUG16 -0.948846 0.333716 0.226467
19AUG17 -0.949272 0.333507 0.230072
19AUG18 -0.948982 0.333305 0.227848
19AUG19 -0.948247 0.331569 0.230227
19AUG20 -0.948287 0.332858 0.246441
19AUG21 -0.948083 0.330442 0.238901
19AUG22 -0.951430 0.333508 0.228411
19AUG23 -0.948136 0.333522 0.222727
19AUG24 -0.948601 0.331584 0.227473
19AUG25 -0.943805 0.334772 0.230493
19AUG26 -0.948772 0.332983 0.227354
19AUG27 -0.946257 0.332295 0.229081
19AUG28 -0.944970 0.334571 0.237092
19AUG29 -0.949801 0.331691 0.222643
19AUG30 -0.948139 0.330685 0.222402
19AUG31 -0.945135 0.330179 0.222365
19SEP01 -0.947205 0.332938 0.222763
19SEP02 -0.945895 0.332549 0.228852
19SEP03 -0.946081 0.333683 0.216972
19SEP04 -0.945308 0.333070 0.223934
19SEP05 -0.948680 0.335653 0.230843
19SEP06 -0.948980 0.332729 0.231150
19SEP07 -0.946071 0.333803 0.226117
19SEP08 -0.949188 0.333914 0.228316
19SEP09 -0.949887 0.334521 0.214684
19SEP10 -0.946922 0.332221 0.230199
19SEP11 -0.948093 0.331752 0.240238
19SEP12 -0.946579 0.330254 0.229850
19SEP13 -0.947755 0.333481 0.219748
19SEP14 -0.946900 0.334115 0.218288
19SEP15 -0.946728 0.332410 0.226810
19SEP16 -0.949200 0.334041 0.229496
19SEP17 -0.945544 0.334621 0.225532
19SEP18 -0.947123 0.333880 0.227130
19SEP19 -0.949116 0.332586 0.236764
19SEP20 -0.948981 0.332366 0.220543
19SEP21 -0.947376 0.332328 0.225329
19SEP22 -0.947228 0.334095 0.218110
19SEP23 -0.947240 0.331585 0.224276
19SEP24 -0.947730 0.331381 0.220121
19SEP25 -0.950486 0.333248 0.233028
19SEP26 -0.948389 0.333011 0.227291
19SEP27 -0.946568 0.334332 0.223936
19SEP28 -0.946754 0.334515 0.229198
19SEP29 -0.946640 0.334274 0.222904
19SEP30 -0.949856 0.333798 0.231633
19OCT01 -0.949549 0.333584 0.226387
19OCT02 -0.950620 0.333126 0.231596
19OCT03 -0.948569 0.333815 0.226616
19OCT04 -0.948739 0.334302 0.226150
19OCT05 -0.945857 0.337169 0.223914
19OCT06 -0.945402 0.334494 0.222602
19OCT07 -0.949759 0.334609 0.219868
19OCT08 -0.946932 0.333721 0.229887
19OCT09 -0.947397 0.332187 0.230634
19OCT10 -0.950729 0.333664 0.228440
19OCT11 -0.949219 0.334058 0.234086
19OCT12 -0.950826 0.334827 0.227002
19OCT13 -0.948754 0.332861 0.228859
19OCT14 -0.946096 0.334714 0.226055
19OCT15 -0.947312 0.334618 0.219060
19OCT16 -0.945984 0.331896 0.226388
19OCT17 -0.945593 0.334168 0.217072
19OCT18 -0.947408 0.333491 0.218605
19OCT19 -0.945439 0.334370 0.227082
19OCT20 -0.950015 0.332832 0.222729
19OCT22 -0.947916 0.333962 0.225384
19OCT23 -0.946568 0.334168 0.230341
19OCT24 -0.945181 0.332768 0.229979
19OCT25 -0.945223 0.334370 0.227751
19OCT26 -0.945096 0.330566 0.216503
19OCT27 -0.948255 0.333434 0.225834
19OCT28 -0.945591 0.334100 0.225196
19OCT29 -0.946750 0.333608 0.226681
19OCT30 -0.942431 0.332690 0.229527
19OCT31 -0.952866 0.337972 0.216129
19NOV01 -0.957768 0.340315 0.213033
19NOV02 -0.953128 0.337941 0.215723
19NOV03 -0.947431 0.334375 0.233112
19NOV04 -0.946697 0.333309 0.227558
19NOV05 -0.949927 0.333426 0.229158
19NOV06 -0.944110 0.334505 0.223526
19NOV07 -0.945053 0.338117 0.217456
19NOV08 -0.950857 0.338560 0.205587
19NOV09 -0.942412 0.340609 0.220544
19NOV10 -0.944069 0.339359 0.230061
19NOV11 -0.945144 0.336401 0.211661
19NOV12 -0.942365 0.337193 0.233669
19NOV13 -0.941387 0.337202 0.214067
19NOV14 -0.943468 0.337180 0.202670
19NOV15 -0.942561 0.340505 0.213835
19NOV16 -0.938009 0.339153 0.216261
19NOV17 -0.946577 0.334398 0.212863
19NOV18 -0.943891 0.335471 0.217022
19NOV19 -0.947374 0.335304 0.228465
19NOV20 -0.943503 0.336690 0.216815
19NOV21 -0.943819 0.335773 0.225996
19NOV22 -0.946768 0.335566 0.225771
19NOV23 -0.945373 0.333364 0.229246
19NOV24 -0.944869 0.333515 0.226025
19NOV25 -0.943355 0.334934 0.223192
19NOV26 -0.946610 0.334967 0.221448
19NOV27 -0.945716 0.335358 0.226805
19NOV28 -0.945451 0.335305 0.222074
19NOV29 -0.945482 0.336637 0.228824
19NOV30 -0.945577 0.335768 0.225210
19DEC01 -0.947313 0.336066 0.226085
19DEC02 -0.946329 0.335195 0.223302
19DEC03 -0.946374 0.334293 0.229534
19DEC04 -0.946620 0.335338 0.224010
19DEC05 -0.945829 0.335707 0.238334
19DEC06 -0.945275 0.333830 0.212937
19DEC07 -0.941388 0.334519 0.235481
19DEC08 -0.945519 0.335416 0.233005
19DEC09 -0.944782 0.334360 0.216487
19DEC10 -0.944991 0.333912 0.228624
19DEC11 -0.944683 0.335221 0.233245
19DEC12 -0.948150 0.336825 0.213226
19DEC13 -0.943766 0.333643 0.215662
19DEC14 -0.946569 0.335492 0.222042
19DEC15 -0.946038 0.336153 0.228183
19DEC16 -0.939265 0.333370 0.223796
19DEC17 -0.947951 0.336740 0.234004
19DEC18 -0.944829 0.336289 0.226133
19DEC19 -0.941921 0.334447 0.228722
19DEC20 -0.945581 0.336310 0.231223
19DEC21 -0.946348 0.336378 0.229979
19DEC22 -0.945950 0.336592 0.220321
19DEC23 -0.946638 0.333989 0.224766
19DEC24 -0.951735 0.335693 0.228825
19DEC25 -0.947159 0.336538 0.230785
19DEC26 -0.946191 0.336892 0.227268
19DEC27 -0.947828 0.336476 0.226214
19DEC28 -0.943884 0.336774 0.223882
19DEC29 -0.947309 0.337346 0.229133
19DEC30 -0.946867 0.336883 0.227669
19DEC31 -0.945895 0.336407 0.228816
20JAN01 -0.948094 0.336052 0.238694
20JAN02 -0.948660 0.336827 0.227738
20JAN03 -0.949705 0.334361 0.223180
20JAN04 -0.946167 0.336823 0.223840
20JAN05 -0.945919 0.335923 0.222284
20JAN06 -0.944487 0.338141 0.212369
20JAN07 -0.944928 0.335885 0.235815
20JAN08 -0.946557 0.335512 0.214620
20JAN09 -0.938897 0.338591 0.214415
20JAN10 -0.943577 0.338346 0.202950
20JAN11 -0.944289 0.335924 0.223044
20JAN12 -0.946849 0.336333 0.222671
20JAN13 -0.944078 0.339655 0.229971
20JAN14 -0.948692 0.335963 0.232397
20JAN15 -0.948676 0.334725 0.233881
20JAN21 -0.945581 0.336153 0.227897
20JAN22 -0.948346 0.335547 0.223350
20JAN23 -0.949227 0.335785 0.230535
20JAN24 -0.946873 0.335616 0.223183
20JAN25 -0.946234 0.334557 0.226106
20JAN26 -0.942821 0.334496 0.224448
20JAN27 -0.943955 0.334272 0.226129
20JAN28 -0.946747 0.334133 0.227146
20JAN29 -0.944637 0.335489 0.227076
20JAN30 -0.944748 0.335829 0.229478
20JAN31 -0.946438 0.335132 0.225697
20FEB01 -0.946694 0.334665 0.224055
20FEB02 -0.946934 0.334086 0.230141
20FEB03 -0.948265 0.334118 0.228288
20FEB04 -0.951191 0.335267 0.228237
20FEB05 -0.945803 0.333670 0.228648
20FEB06 -0.944995 0.335136 0.226073
20FEB07 -0.945051 0.334408 0.225875
20FEB08 -0.942689 0.333456 0.218526
20FEB09 -0.945076 0.338046 0.226254
20FEB10 -0.946683 0.334892 0.221045
20FEB11 -0.945436 0.334907 0.225706
20FEB12 -0.946402 0.335183 0.228274
20FEB13 -0.945147 0.335551 0.232073
20FEB14 -0.946361 0.334606 0.223383
20FEB15 -0.943963 0.333670 0.231567
20FEB16 -0.944963 0.333471 0.228332
20FEB17 -0.948062 0.334825 0.223528
20FEB18 -0.946478 0.334811 0.222497
20FEB19 -0.946041 0.334997 0.227025
20FEB20 -0.945443 0.330936 0.229872
20FEB21 -0.947807 0.335861 0.232598
20FEB22 -0.947347 0.336044 0.230463
20FEB23 -0.953563 0.335237 0.227377
20FEB24 -0.950683 0.333334 0.229892
20FEB25 -0.946691 0.333497 0.226471
20FEB26 -0.949343 0.333765 0.227956
20FEB27 -0.946510 0.334635 0.234967
20FEB28 -0.949239 0.334401 0.227718
20FEB29 -0.945482 0.335235 0.228956
20MAR01 -0.948379 0.334532 0.232271
20MAR02 -0.945826 0.334174 0.235158
20MAR03 -0.945776 0.334741 0.228023
20MAR04 -0.947962 0.334493 0.227820
20MAR05 -0.946478 0.335427 0.229781
20MAR06 -0.942665 0.335483 0.223939
20MAR07 -0.946963 0.333812 0.234179
20MAR08 -0.947482 0.335588 0.228582
20MAR09 -0.948067 0.336192 0.228136
20MAR10 -0.946043 0.334675 0.226150
20MAR11 -0.948396 0.335087 0.231439
20MAR12 -0.948653 0.333535 0.229669
20MAR13 -0.949199 0.333761 0.229256
20MAR14 -0.948064 0.333525 0.235538
20MAR15 -0.945158 0.335432 0.230835
20MAR16 -0.944313 0.335622 0.222507
20MAR17 -0.945638 0.334736 0.227631
20MAR18 -0.946809 0.332934 0.229188
20MAR19 -0.944899 0.335108 0.218528
20MAR20 -0.946083 0.335172 0.235488
20MAR21 -0.945028 0.333845 0.234891
20MAR22 -0.940841 0.333986 0.235114
20MAR23 -0.948438 0.334386 0.228299
20MAR24 -0.946147 0.334991 0.237015
20MAR25 -0.945234 0.333288 0.233547
20MAR26 -0.944910 0.334743 0.235920
20MAR27 -0.947518 0.333393 0.233725
20MAR28 -0.948873 0.333063 0.233220
20MAR29 -0.947444 0.334595 0.224940
20MAR30 -0.946004 0.336216 0.224940
20MAR31 -0.950038 0.336181 0.232409
20APR01 -0.947275 0.335479 0.227849
20APR02 -0.947014 0.333237 0.233590
20APR03 -0.941098 0.334622 0.222530
20APR04 -0.941404 0.333094 0.230248
20APR05 -0.946011 0.335010 0.238229
20APR06 -0.948553 0.336132 0.230206
20APR07 -0.944701 0.336894 0.226507
20APR08 -0.947225 0.334928 0.229528
20APR09 -0.949160 0.334203 0.234561
20APR10 -0.949320 0.332289 0.233411
20APR11 -0.946991 0.334475 0.233308
20APR12 -0.947847 0.333182 0.235834
20APR13 -0.948645 0.332872 0.228821
20APR14 -0.945260 0.333813 0.227629
20APR15 -0.941895 0.333414 0.227990
20APR16 -0.944301 0.334561 0.237728
20APR17 -0.944947 0.335643 0.219726
20APR18 -0.950248 0.332883 0.245296
20APR19 -0.945203 0.334022 0.241716
20APR20 -0.947207 0.334024 0.237740
20APR21 -0.946336 0.333301 0.238681
20APR22 -0.943321 0.333809 0.232874
20APR23 -0.948455 0.336592 0.234054
20APR24 -0.951451 0.332726 0.240686
20APR25 -0.948603 0.332917 0.232931
20APR26 -0.948801 0.333202 0.236437
20APR27 -0.948817 0.334136 0.242628
20APR28 -0.946180 0.333275 0.229476
20APR29 -0.944398 0.332353 0.245582
20APR30 -0.945022 0.335477 0.238359
20MAY01 -0.945550 0.332819 0.232432
20MAY02 -0.948924 0.333917 0.237551
20MAY03 -0.941755 0.333918 0.230349
20MAY04 -0.948886 0.334662 0.240403
20MAY05 -0.948512 0.335397 0.237433
20MAY06 -0.949866 0.335540 0.233404
20MAY07 -0.948628 0.333411 0.230470
20MAY08 -0.946416 0.334032 0.233437
20MAY09 -0.950516 0.334923 0.239927
20MAY10 -0.946390 0.333864 0.239025
20MAY11 -0.949260 0.333257 0.231023
20MAY12 -0.946258 0.333819 0.232087
20MAY13 -0.950338 0.332893 0.232048
20MAY14 -0.948222 0.335790 0.232389
20MAY15 -0.948787 0.333907 0.238223
20MAY16 -0.947239 0.335232 0.243843
20MAY17 -0.947710 0.335376 0.234231
20MAY18 -0.945558 0.334337 0.236884
20MAY19 -0.948525 0.334518 0.231069
20MAY20 -0.946902 0.336228 0.227173
20MAY21 -0.945561 0.332722 0.239717
20MAY22 -0.947216 0.337080 0.229248
20MAY23 -0.948174 0.334508 0.225335
20MAY24 -0.948847 0.334340 0.232062
20MAY25 -0.949972 0.334138 0.236705
20MAY26 -0.948210 0.332358 0.237957
20MAY27 -0.950892 0.332651 0.238248
20MAY28 -0.950382 0.332472 0.229410
20MAY29 -0.949791 0.333874 0.231444
20MAY30 -0.952061 0.334453 0.230803
20MAY31 -0.951494 0.333008 0.227607
20JUN01 -0.948002 0.335195 0.229725
20JUN02 -0.942985 0.334409 0.232103
20JUN03 -0.942311 0.333837 0.224389
20JUN04 -0.944153 0.333333 0.228817
20JUN05 -0.944328 0.332842 0.230407
20JUN06 -0.943266 0.332915 0.228370
20JUN07 -0.949232 0.334146 0.233311
20JUN08 -0.945999 0.332803 0.224014
20JUN09 -0.945591 0.333128 0.232399
20JUN10 -0.946876 0.334316 0.230225
20JUN11 -0.947743 0.333781 0.231081
20JUN12 -0.948331 0.332951 0.234921
20JUN13 -0.949332 0.333996 0.225319
20JUN14 -0.950775 0.334206 0.231477
20JUN15 -0.944848 0.333206 0.225109
20JUN16 -0.945684 0.334723 0.228884
20JUN17 -0.943518 0.334082 0.223208
20JUN18 -0.949007 0.335390 0.237569
20JUN19 -0.944154 0.333666 0.222501
20JUN20 -0.946516 0.334323 0.220464
20JUN21 -0.944339 0.334350 0.227772
20JUN22 -0.948670 0.332517 0.230123
20JUN23 -0.946513 0.334703 0.229071
20JUN24 -0.948244 0.331105 0.226394
20JUN25 -0.946278 0.331586 0.230492
20JUN26 -0.945926 0.332077 0.238701
20JUN27 -0.944574 0.331788 0.235264
20JUN28 -0.945958 0.334917 0.226814
20JUN29 -0.948818 0.333430 0.235856
20JUN30 -0.946690 0.332482 0.230988
20JUL01 -0.946854 0.334512 0.231995
20JUL02 -0.948252 0.333322 0.229640
20JUL03 -0.946120 0.331151 0.234246
20JUL04 -0.947129 0.333239 0.232277
20JUL05 -0.949283 0.333521 0.227164
20JUL06 -0.950582 0.332880 0.229108
20JUL07 -0.949843 0.330425 0.236681
20JUL08 -0.949488 0.332286 0.230455
20JUL10 -0.949224 0.332636 0.237524
20JUL11 -0.949240 0.334351 0.225038
20JUL12 -0.948593 0.335243 0.223332
20JUL13 -0.949740 0.330731 0.228808
20JUL14 -0.948675 0.334660 0.232179
20JUL15 -0.948960 0.333284 0.217200
20JUL16 -0.950908 0.332379 0.228794
20JUL17 -0.950756 0.332847 0.221540
20JUL18 -0.948944 0.330657 0.231040
20JUL19 -0.949715 0.333788 0.232030
20JUL20 -0.948961 0.332233 0.224982
20JUL21 -0.947924 0.331426 0.225542
20JUL22 -0.949312 0.330884 0.224722
20JUL23 -0.948912 0.331721 0.228924
20JUL24 -0.946595 0.334172 0.222301
20JUL25 -0.946659 0.333561 0.223098
20JUL26 -0.946272 0.335682 0.223494
20JUL27 -0.951373 0.333804 0.229492
20JUL28 -0.946006 0.333489 0.230063
20JUL29 -0.952278 0.331784 0.230175
20JUL30 -0.947873 0.332871 0.232144
20JUL31 -0.947409 0.333796 0.223784
20AUG01 -0.947111 0.334623 0.227769
20AUG02 -0.944586 0.335504 0.227468
20AUG03 -0.947369 0.331798 0.230039
20AUG04 -0.947555 0.335197 0.232209
20AUG05 -0.945209 0.330698 0.235824
20AUG06 -0.950785 0.331711 0.235739
20AUG07 -0.946570 0.331735 0.234172
20AUG08 -0.949365 0.332376 0.226190
20AUG09 -0.950509 0.330401 0.237364
20AUG10 -0.947697 0.328869 0.238628
20AUG11 -0.947793 0.329408 0.234100
20AUG12 -0.948322 0.330090 0.231203
20AUG13 -0.946915 0.330542 0.230474
20AUG14 -0.948059 0.330241 0.236243
20AUG15 -0.947621 0.331314 0.225848
20AUG16 -0.945205 0.332524 0.231366
20AUG17 -0.949287 0.334427 0.225392
20AUG18 -0.948006 0.329146 0.226221
20AUG19 -0.947500 0.332013 0.234176
20AUG20 -0.948814 0.331792 0.225894
20AUG21 -0.944627 0.332930 0.231235
20AUG22 -0.947377 0.332293 0.224982
20AUG23 -0.949652 0.331637 0.228233
20AUG24 -0.947874 0.332834 0.219701
20AUG25 -0.949213 0.331106 0.230164
20AUG26 -0.954747 0.328805 0.226035
20AUG27 -0.949645 0.330478 0.223991
20AUG28 -0.948124 0.330746 0.227732
20AUG29 -0.947259 0.327630 0.239379
20AUG30 -0.946416 0.327884 0.217047
20AUG31 -0.946892 0.333120 0.223622
20SEP01 -0.949211 0.332322 0.224080
20SEP02 -0.947402 0.332392 0.229666
20SEP03 -0.947152 0.330725 0.222959
20SEP04 -0.948507 0.332160 0.225292
20SEP05 -0.948116 0.331486 0.217351
20SEP06 -0.947482 0.332477 0.221987
20SEP07 -0.948280 0.333163 0.230869
20SEP08 -0.946768 0.332143 0.220420
20SEP09 -0.951629 0.333855 0.220634
20SEP10 -0.947355 0.330121 0.226446
20SEP11 -0.948566 0.332083 0.229310
20SEP12 -0.951105 0.333755 0.228245
20SEP13 -0.947630 0.331506 0.224858
20SEP14 -0.948808 0.332009 0.233053
20SEP15 -0.950935 0.332251 0.229853
20SEP16 -0.948599 0.330973 0.231073
20SEP17 -0.948083 0.331714 0.228024
20SEP18 -0.946057 0.330031 0.229627
20SEP19 -0.948150 0.330033 0.232822
20SEP20 -0.947544 0.332367 0.227556
20SEP21 -0.949201 0.332996 0.226230
20SEP22 -0.951045 0.332220 0.229441
20SEP23 -0.949350 0.331194 0.224944
20SEP24 -0.951137 0.332315 0.228799
20SEP25 -0.950410 0.330968 0.232730
20SEP26 -0.948439 0.330669 0.229444
20SEP27 -0.942774 0.331979 0.234200
20SEP28 -0.948114 0.330049 0.247551
20SEP29 -0.947947 0.331859 0.231176
20SEP30 -0.946130 0.334185 0.231254
20OCT01 -0.944974 0.331199 0.226143
20OCT02 -0.947703 0.332083 0.233586
20OCT03 -0.948129 0.330519 0.229782
20OCT04 -0.945145 0.332378 0.219335
20OCT05 -0.947817 0.332072 0.214393
20OCT06 -0.946050 0.333881 0.230221
20OCT07 -0.949193 0.333039 0.225534
20OCT08 -0.950791 0.330845 0.229605
20OCT09 -0.946509 0.331781 0.230104
20OCT10 -0.947294 0.329977 0.220821
20OCT11 -0.947434 0.331684 0.220272
20OCT12 -0.950039 0.331737 0.221941
20OCT13 -0.950888 0.330971 0.227144
20OCT14 -0.951942 0.333404 0.224254
20OCT15 -0.946439 0.330088 0.226704
20OCT16 -0.950426 0.330370 0.229756
20OCT17 -0.947275 0.332356 0.223569
20OCT18 -0.942475 0.331684 0.226502
20OCT19 -0.939545 0.331075 0.233264
20OCT20 -0.942066 0.328542 0.206483
20OCT21 -0.943080 0.332088 0.222227
20OCT22 -0.951159 0.331993 0.234661
20OCT23 -0.945211 0.333223 0.209530
20OCT24 -0.945070 0.330579 0.219530
20OCT25 -0.942432 0.332752 0.222073
20OCT26 -0.944567 0.330207 0.222108
20OCT27 -0.943861 0.330492 0.220520
20OCT28 -0.945999 0.330308 0.224350
20OCT29 -0.946380 0.332577 0.223282
20OCT30 -0.948553 0.331001 0.225195
20OCT31 -0.948245 0.332537 0.220790
20NOV01 -0.950019 0.331834 0.223435
20NOV02 -0.949220 0.333598 0.220904
20NOV03 -0.942701 0.335843 0.201672
20NOV04 -0.949177 0.332104 0.217649
20NOV05 -0.944239 0.331506 0.221767
20NOV06 -0.936979 0.332940 0.216146
20NOV07 -0.946153 0.334379 0.221492
20NOV08 -0.946519 0.333631 0.223206
20NOV09 -0.945934 0.331084 0.218855
20NOV10 -0.946302 0.333296 0.217473
20NOV11 -0.948212 0.334399 0.232251
20NOV12 -0.946679 0.332190 0.217199
20NOV13 -0.946580 0.331826 0.221348
20NOV14 -0.939945 0.331177 0.229966
20NOV15 -0.942321 0.327086 0.231950
20NOV16 -0.946987 0.332344 0.229672
20NOV17 -0.946470 0.333571 0.223165
20NOV18 -0.947185 0.331428 0.223189
20NOV19 -0.950773 0.333655 0.228566
20NOV20 -0.947112 0.332698 0.223908
20NOV21 -0.949480 0.336424 0.230733
20NOV22 -0.949592 0.332644 0.224061
20NOV23 -0.949270 0.332928 0.224564
20NOV24 -0.947438 0.332672 0.224003
20NOV25 -0.947234 0.334390 0.234011
20NOV26 -0.943056 0.332377 0.222498
20NOV27 -0.946451 0.331433 0.224894
20NOV28 -0.948119 0.332122 0.231128
20NOV29 -0.942168 0.332393 0.215997
20NOV30 -0.932633 0.333592 0.214955
